Problem 1
	33372
	29291
	22217
	15164
	13009
	12609
Problem 2
	30856
	27912
	26146
	16075
	13205
	12836
Problem 3
	33706
	24908
	20807
	15553
	12969
	12688
Problem 4
	32546
	28406
	21850
	15572
	12974
	12716
Problem 5
	35381
	31534
	25424
	15507
	12949
	12870
Problem 6
	55631
	46901
	41352
	24815
	21508
	20549
Problem 7
	57385
	49744
	38772
	24195
	21034
	20304
Problem 8
	58541
	49804
	38518
	24091
	20120
	20390
Problem 9
	57893
	50748
	38234
	24584
	21350
	20475
Problem 10
	57611
	50725
	39736
	24549
	21603
	20639
Problem 11
	81520
	66247
	53256
	28496
	25360
	21500
Problem 12
	79427
	61763
	55866
	29367
	26711
	22245
Problem 13
	76517
	72024
	58239
	28762
	26341
	22797
Problem 14
	84406
	68816
	67712
	30591
	27910
	24366
Running time(ms): 15140
